   21.000000000000000       0.62048277594132550     
   22.000000000000000       0.61111329549995586     
   23.000000000000000       0.60217572638914574     
   24.000000000000000       0.59363664503659208     
   25.000000000000000       0.58546644796278424     
   26.000000000000000       0.57763879818113728     
   27.000000000000000       0.57013016266371253     
   28.000000000000000       0.56291942486942370     
   29.000000000000000       0.55598755922724796     
   30.000000000000000       0.54931735683991223     
   31.000000000000000       0.54289319361417987     
   32.000000000000000       0.53670083360871546     
   33.000000000000000       0.53072726168375639     
   34.000000000000000       0.52496054059170016     
   35.000000000000000       0.51938968850830347     
   36.000000000000000       0.51400457370651842     
   37.000000000000000       0.50879582364864706     
   38.000000000000000       0.50375474624152317     
   39.000000000000000       0.49887326138343013     
   40.000000000000000       0.49414384124630428     
   41.000000000000000       0.48955945799537803     
   42.000000000000000       0.48511353786120448     
   43.000000000000000       0.48079992065448079     
   44.000000000000000       0.47661282395906768     
   45.000000000000000       0.47254681135869869     
   46.000000000000000       0.46859676415255880     
   47.000000000000000       0.46475785609788062     
   48.000000000000000       0.46102553078692565     
   49.000000000000000       0.45739548132360941     
   50.000000000000000       0.45386363201358565     
   51.000000000000000       0.45042612182242209     
   52.000000000000000       0.44707928939091551     
   53.000000000000000       0.44381965942567952     
   54.000000000000000       0.44064393030778398     
   55.000000000000000       0.43754896278316896     
   56.000000000000000       0.43453176961639811     
   57.000000000000000       0.43158950610454311     
   58.000000000000000       0.42871946136104322     
   59.000000000000000       0.42591905029057048     
   60.000000000000000       0.42318580618557172     
   61.000000000000000       0.42051737388345700     
   62.000000000000000       0.41791150343059147     
   63.000000000000000       0.41536604420546913     
   64.000000000000000       0.41287893945885018     
   65.000000000000000       0.41044822123335034     
   66.000000000000000       0.40807200562906970     
   67.000000000000000       0.40574848838544425     
   68.000000000000000       0.40347594075263804     
   69.000000000000000       0.40125270562855997     
   70.000000000000000       0.39907719394001379     
   71.000000000000000       0.39694788124863417     
   72.000000000000000       0.39486330456414842     
   73.000000000000000       0.39282205934917980     
   74.000000000000000       0.39082279670129549     
   75.000000000000000       0.38886422069931609     
   76.000000000000000       0.38694508590208510     
   77.000000000000000       0.38506419498893901     
   78.000000000000000       0.38322039653206097     
   79.000000000000000       0.38141258289173768     
   80.000000000000000       0.37963968822629129     
   81.000000000000000       0.37790068660913784     
   82.000000000000000       0.37619459024603324     
   83.000000000000000       0.37452044778611515     
   84.000000000000000       0.37287734272085110     
   85.000000000000000       0.37126439186544907     
   86.000000000000000       0.36968074391769917     
   87.000000000000000       0.36812557808958740     
   88.000000000000000       0.36659810280735350     
   89.000000000000000       0.36509755447598446     
   90.000000000000000       0.36362319630440648     
   91.000000000000000       0.36217431718790338     
   92.000000000000000       0.36075023064452266     
   93.000000000000000       0.35935027380244799     
   94.000000000000000       0.35797380643551463     
   95.000000000000000       0.35662021004423161     
   96.000000000000000       0.35528888697984107     
   97.000000000000000       0.35397925960910043     
   98.000000000000000       0.35269076951762168     
   99.000000000000000       0.35142287674973149     
   100.00000000000000       0.35017505908294161     
   101.00000000000000       0.34894681133523631     
   102.00000000000000       0.34773764470348500     
   103.00000000000000       0.34654708613139534     
   104.00000000000000       0.34537467770550473     
   105.00000000000000       0.34421997607780686     
   106.00000000000000       0.34308255191367726     
   107.00000000000000       0.34196198936384897     
   108.00000000000000       0.34085788555924978     
   109.00000000000000       0.33976985012758698     
   110.00000000000000       0.33869750473061871     
   111.00000000000000       0.33764048262111801     
   112.00000000000000       0.33659842821857922     
   113.00000000000000       0.33557099670277840     
   114.00000000000000       0.33455785362433654     
   115.00000000000000       0.33355867453148863     
   116.00000000000000       0.33257314461229587     
   117.00000000000000       0.33160095835158376     
   118.00000000000000       0.33064181920192304     
   119.00000000000000       0.32969543926800648     
   120.00000000000000       0.32876153900380733     
   121.00000000000000       0.32783984692193974     
   122.00000000000000       0.32693009931466299     
   123.00000000000000       0.32603203998600933     
   124.00000000000000       0.32514541999453372     
   125.00000000000000       0.32426999740621248     
   126.00000000000000       0.32340553705703962     
   127.00000000000000       0.32255181032489344     
   128.00000000000000       0.32170859491026543     
   129.00000000000000       0.32087567462546379     
   130.00000000000000       0.32005283919192201     
   131.00000000000000       0.31923988404526427     
   132.00000000000000       0.31843661014779101     
   133.00000000000000       0.31764282380806624     
   134.00000000000000       0.31685833650730694     
   135.00000000000000       0.31608296473227981     
   136.00000000000000       0.31531652981443792     
   137.00000000000000       0.31455885777502823     
   138.00000000000000       0.31380977917592301     
   139.00000000000000       0.31306912897593808     
   140.00000000000000       0.31233674639240627     
   141.00000000000000       0.31161247476779369     
   142.00000000000000       0.31089616144114940     
   143.00000000000000       0.31018765762419021     
   144.00000000000000       0.30948681828183383     
   145.00000000000000       0.30879350201700040     
   146.00000000000000       0.30810757095950714     
   147.00000000000000       0.30742889065889617     
   148.00000000000000       0.30675732998103566     
   149.00000000000000       0.30609276100834454     
   150.00000000000000       0.30543505894349848     
   151.00000000000000       0.30478410201647965     
   152.00000000000000       0.30413977139483761     
   153.00000000000000       0.30350195109703854     
   154.00000000000000       0.30287052790878116     
   155.00000000000000       0.30224539130216377     
   156.00000000000000       0.30162643335759570     
   157.00000000000000       0.30101354868834374     
   158.00000000000000       0.30040663436761728     
   159.00000000000000       0.29980558985809208     
   160.00000000000000       0.29921031694378236     
   161.00000000000000       0.29862071966417292     
   162.00000000000000       0.29803670425052503     
   163.00000000000000       0.29745817906427630     
   164.00000000000000       0.29688505453745628     
   165.00000000000000       0.29631724311504298     
   166.00000000000000       0.29575465919918864     
   167.00000000000000       0.29519721909524699     
   168.00000000000000       0.29464484095953564     
   169.00000000000000       0.29409744474876975     
   170.00000000000000       0.29355495217110789     
   171.00000000000000       0.29301728663875054     
   172.00000000000000       0.29248437322203730     
   173.00000000000000       0.29195613860498643     
   174.00000000000000       0.29143251104222834     
   175.00000000000000       0.29091342031728096     
   176.00000000000000       0.29039879770212246     
   177.00000000000000       0.28988857591801220     
   178.00000000000000       0.28938268909751907     
   179.00000000000000       0.28888107274771430     
   180.00000000000000       0.28838366371448743     
   181.00000000000000       0.28789040014794709     
   182.00000000000000       0.28740122146887076     
   183.00000000000000       0.28691606833616323     
   184.00000000000000       0.28643488261529565     
   185.00000000000000       0.28595760734768499     
   186.00000000000000       0.28548418672098808     
   187.00000000000000       0.28501456604027386     
   188.00000000000000       0.28454869170004932     
   189.00000000000000       0.28408651115710670     
   190.00000000000000       0.28362797290416675     
   191.00000000000000       0.28317302644429043     
   192.00000000000000       0.28272162226603448     
   193.00000000000000       0.28227371181932481     
   194.00000000000000       0.28182924749202753     
   195.00000000000000       0.28138818258718912     
   196.00000000000000       0.28095047130093059     
   197.00000000000000       0.28051606870096801     
   198.00000000000000       0.28008493070574492     
   199.00000000000000       0.27965701406415200     
   200.00000000000000       0.27923227633581849     
   201.00000000000000       0.27881067587195529     
   202.00000000000000       0.27839217179673348     
   203.00000000000000       0.27797672398917933     
   204.00000000000000       0.27756429306557162     
   205.00000000000000       0.27715484036232435     
   206.00000000000000       0.27674832791933907     
   207.00000000000000       0.27634471846381353     
   208.00000000000000       0.27594397539449134     
   209.00000000000000       0.27554606276633942     
   210.00000000000000       0.27515094527563916     
   211.00000000000000       0.27475858824548077     
   212.00000000000000       0.27436895761164509     
   213.00000000000000       0.27398201990886467     
   214.00000000000000       0.27359774225744837     
   215.00000000000000       0.27321609235026351     
   216.00000000000000       0.27283703844006024     
   217.00000000000000       0.27246054932712932     
   218.00000000000000       0.27208659434728522     
   219.00000000000000       0.27171514336016095     
   220.00000000000000       0.27134616673780948     
   221.00000000000000       0.27097963535359970     
   222.00000000000000       0.27061552057139848     
   223.00000000000000       0.27025379423503260     
   224.00000000000000       0.26989442865801905     
   225.00000000000000       0.26953739661355919     
   226.00000000000000       0.26918267132478574     
   227.00000000000000       0.26883022645525839     
   228.00000000000000       0.26848003609969762     
   229.00000000000000       0.26813207477495377     
   230.00000000000000       0.26778631741119996     
   231.00000000000000       0.26744273934334656     
   232.00000000000000       0.26710131630266848     
   233.00000000000000       0.26676202440863950     
   234.00000000000000       0.26642484016096868     
   235.00000000000000       0.26608974043183259     
   236.00000000000000       0.26575670245829758     
   237.00000000000000       0.26542570383492575     
   238.00000000000000       0.26509672250656424     
   239.00000000000000       0.26476973676130444     
   240.00000000000000       0.26444472522361434     
   241.00000000000000       0.26412166684763611     
   242.00000000000000       0.26380054091064148     
   243.00000000000000       0.26348132700664595     
   244.00000000000000       0.26316400504017440     
   245.00000000000000       0.26284855522017253     
   246.00000000000000       0.26253495805406440     
   247.00000000000000       0.26222319434194835     
   248.00000000000000       0.26191324517092923     
   249.00000000000000       0.26160509190958220     
   250.00000000000000       0.26129871620254752     
   251.00000000000000       0.26099409996524697     
   252.00000000000000       0.26069122537872580     
   253.00000000000000       0.26039007488461113     
   254.00000000000000       0.26009063118018666     
   255.00000000000000       0.25979287721358002     
   256.00000000000000       0.25949679617905813     
   257.00000000000000       0.25920237151243247     
   258.00000000000000       0.25890958688656396     
   259.00000000000000       0.25861842620697223     
   260.00000000000000       0.25832887360754186     
   261.00000000000000       0.25804091344632457     
   262.00000000000000       0.25775453030143619     
   263.00000000000000       0.25746970896704208     
   264.00000000000000       0.25718643444943384     
   265.00000000000000       0.25690469196319110     
   266.00000000000000       0.25662446692742730     
   267.00000000000000       0.25634574496211904     
   268.00000000000000       0.25606851188451324     
   269.00000000000000       0.25579275370561400     
   270.00000000000000       0.25551845662674505     
   271.00000000000000       0.25524560703618560     
   272.00000000000000       0.25497419150587886     
   273.00000000000000       0.25470419678821193     
   274.00000000000000       0.25443560981286223     
   275.00000000000000       0.25416841768371307     
   276.00000000000000       0.25390260767583361     
   277.00000000000000       0.25363816723252131     
   278.00000000000000       0.25337508396241010     
   279.00000000000000       0.25311334563663457     
   280.00000000000000       0.25285294018605664     
   281.00000000000000       0.25259385569854853     
   282.00000000000000       0.25233608041633315     
   283.00000000000000       0.25207960273337721     
   284.00000000000000       0.25182441119284116     
   285.00000000000000       0.25157049448457808     
   286.00000000000000       0.25131784144268643     
   287.00000000000000       0.25106644104311110     
   288.00000000000000       0.25081628240129350     
   289.00000000000000       0.25056735476986924     
   290.00000000000000       0.25031964753641289     
   291.00000000000000       0.25007315022122600     
   292.00000000000000       0.24982785247517220     
   293.00000000000000       0.24958374407755321     
   294.00000000000000       0.24934081493402829     
   295.00000000000000       0.24909905507457386     
   296.00000000000000       0.24885845465148523     
   297.00000000000000       0.24861900393741559     
   298.00000000000000       0.24838069332345450     
   299.00000000000000       0.24814351331724374     
   300.00000000000000       0.24790745454113031     
   301.00000000000000       0.24767250773035426     
   302.00000000000000       0.24743866373127252     
   303.00000000000000       0.24720591349961651     
   304.00000000000000       0.24697424809878313     
   305.00000000000000       0.24674365869815879     
   306.00000000000000       0.24651413657147547     
   307.00000000000000       0.24628567309519750     
   308.00000000000000       0.24605825974693973     
   309.00000000000000       0.24583188810391407     
   310.00000000000000       0.24560654984140773     
   311.00000000000000       0.24538223673128773     
   312.00000000000000       0.24515894064053398     
   313.00000000000000       0.24493665352980132     
   314.00000000000000       0.24471536745200478     
   315.00000000000000       0.24449507455093539     
   316.00000000000000       0.24427576705989759     
   317.00000000000000       0.24405743730037457     
   318.00000000000000       0.24384007768071581     
   319.00000000000000       0.24362368069485107     
   320.00000000000000       0.24340823892102509     
   321.00000000000000       0.24319374502055771     
   322.00000000000000       0.24298019173662463     
   323.00000000000000       0.24276757189306070     
   324.00000000000000       0.24255587839318540     
   325.00000000000000       0.24234510421864908     
   326.00000000000000       0.24213524242829815     
   327.00000000000000       0.24192628615706357     
   328.00000000000000       0.24171822861486622     
   329.00000000000000       0.24151106308554274     
   330.00000000000000       0.24130478292579149     
   331.00000000000000       0.24109938156413405     
   332.00000000000000       0.24089485249989862     
   333.00000000000000       0.24069118930221783     
   334.00000000000000       0.24048838560904606     
   335.00000000000000       0.24028643512619310     
   336.00000000000000       0.24008533162637469     
   337.00000000000000       0.23988506894827888     
   338.00000000000000       0.23968564099564937     
   339.00000000000000       0.23948704173638427     
   340.00000000000000       0.23928926520164906     
   341.00000000000000       0.23909230548500668     
   342.00000000000000       0.23889615674156056     
   343.00000000000000       0.23870081318711370     
   344.00000000000000       0.23850626909734060     
   345.00000000000000       0.23831251880697304     
   346.00000000000000       0.23811955670900192     
   347.00000000000000       0.23792737725388896     
   348.00000000000000       0.23773597494879373     
   349.00000000000000       0.23754534435681335     
   350.00000000000000       0.23735548009623361     
   351.00000000000000       0.23716637683979425     
   352.00000000000000       0.23697802931396453     
   353.00000000000000       0.23679043229823166     
   354.00000000000000       0.23660358062440073     
   355.00000000000000       0.23641746917590586     
   356.00000000000000       0.23623209288713354     
   357.00000000000000       0.23604744674275449     
   358.00000000000000       0.23586352577706876     
   359.00000000000000       0.23568032507336081     
   360.00000000000000       0.23549783976326408     
   361.00000000000000       0.23531606502613645     
   362.00000000000000       0.23513499608844576     
   363.00000000000000       0.23495462822316451     
   364.00000000000000       0.23477495674917451     
   365.00000000000000       0.23459597703068069     
   366.00000000000000       0.23441768447663541     
   367.00000000000000       0.23424007454016971     
   368.00000000000000       0.23406314271803505     
   369.00000000000000       0.23388688455005341     
   370.00000000000000       0.23371129561857493     
   371.00000000000000       0.23353637154794685     
   372.00000000000000       0.23336210800398635     
   373.00000000000000       0.23318850069346569     
   374.00000000000000       0.23301554536360247     
   375.00000000000000       0.23284323780155974     
   376.00000000000000       0.23267157383395126     
   377.00000000000000       0.23250054932635719     
   378.00000000000000       0.23233016018284536     
   379.00000000000000       0.23216040234549984     
   380.00000000000000       0.23199127179395743     
   381.00000000000000       0.23182276454495077     
   382.00000000000000       0.23165487665185813     
   383.00000000000000       0.23148760420426004     
   384.00000000000000       0.23132094332750300     
   385.00000000000000       0.23115489018226865     
   386.00000000000000       0.23098944096415139     
   387.00000000000000       0.23082459190323934     
   388.00000000000000       0.23066033926370386     
   389.00000000000000       0.23049667934339443     
   390.00000000000000       0.23033360847343912     
   391.00000000000000       0.23017112301785148     
   392.00000000000000       0.23000921937314275     
   393.00000000000000       0.22984789396794000     
   394.00000000000000       0.22968714326260919     
   395.00000000000000       0.22952696374888495     
   396.00000000000000       0.22936735194950486     
   397.00000000000000       0.22920830441784856     
   398.00000000000000       0.22904981773758309     
   399.00000000000000       0.22889188852231321     
   400.00000000000000       0.22873451341523512     
   401.00000000000000       0.22857768908879822     
   402.00000000000000       0.22842141224436799     
   403.00000000000000       0.22826567961189650     
   404.00000000000000       0.22811048794959679     
   405.00000000000000       0.22795583404362058     
   406.00000000000000       0.22780171470774288     
   407.00000000000000       0.22764812678304877     
   408.00000000000000       0.22749506713762563     
   409.00000000000000       0.22734253266626037     
   410.00000000000000       0.22719052029013875     
   411.00000000000000       0.22703902695655145     
   412.00000000000000       0.22688804963860201     
   413.00000000000000       0.22673758533492033     
   414.00000000000000       0.22658763106937940     
   415.00000000000000       0.22643818389081588     
   416.00000000000000       0.22628924087275473     
   417.00000000000000       0.22614079911313795     
   418.00000000000000       0.22599285573405584     
   419.00000000000000       0.22584540788148355     
   420.00000000000000       0.22569845272502009     
   421.00000000000000       0.22555198745763053     
   422.00000000000000       0.22540600929539337     
   423.00000000000000       0.22526051547724929     
   424.00000000000000       0.22511550326475460     
   425.00000000000000       0.22497096994183768     
   426.00000000000000       0.22482691281455869     
   427.00000000000000       0.22468332921087167     
   428.00000000000000       0.22454021648039157     
   429.00000000000000       0.22439757199416244     
   430.00000000000000       0.22425539314442999     
   431.00000000000000       0.22411367734441645     
   432.00000000000000       0.22397242202809931     
   433.00000000000000       0.22383162464999112     
   434.00000000000000       0.22369128268492450     
   435.00000000000000       0.22355139362783816     
   436.00000000000000       0.22341195499356667     
   437.00000000000000       0.22327296431663249     
   438.00000000000000       0.22313441915104090     
   439.00000000000000       0.22299631707007780     
   440.00000000000000       0.22285865566610882     
   441.00000000000000       0.22272143255038374     
   442.00000000000000       0.22258464535283987     
   443.00000000000000       0.22244829172191144     
   444.00000000000000       0.22231236932433854     
   445.00000000000000       0.22217687584498050     
   446.00000000000000       0.22204180898663034     
   447.00000000000000       0.22190716646983241     
   448.00000000000000       0.22177294603270215     
   449.00000000000000       0.22163914543074759     
   450.00000000000000       0.22150576243669348     
   451.00000000000000       0.22137279484030822     
   452.00000000000000       0.22124024044823179     
   453.00000000000000       0.22110809708380691     
   454.00000000000000       0.22097636258691092     
   455.00000000000000       0.22084503481379203     
   456.00000000000000       0.22071411163690460     
   457.00000000000000       0.22058359094474952     
   458.00000000000000       0.22045347064171417     
   459.00000000000000       0.22032374864791551     
   460.00000000000000       0.22019442289904498     
   461.00000000000000       0.22006549134621511     
   462.00000000000000       0.21993695195580837     
   463.00000000000000       0.21980880270932657     
   464.00000000000000       0.21968104160324411     
   465.00000000000000       0.21955366664886194     
   466.00000000000000       0.21942667587216294     
   467.00000000000000       0.21930006731366919     
   468.00000000000000       0.21917383902830220     
   469.00000000000000       0.21904798908524239     
   470.00000000000000       0.21892251556779324     
   471.00000000000000       0.21879741657324428     
   472.00000000000000       0.21867269021273780     
   473.00000000000000       0.21854833461113574     
   474.00000000000000       0.21842434790688894     
   475.00000000000000       0.21830072825190769     
   476.00000000000000       0.21817747381143382     
   477.00000000000000       0.21805458276391451     
   478.00000000000000       0.21793205330087692     
   479.00000000000000       0.21780988362680528     
   480.00000000000000       0.21768807195901863     
   481.00000000000000       0.21756661652755038     
   482.00000000000000       0.21744551557502859     
   483.00000000000000       0.21732476735655951     
   484.00000000000000       0.21720437013960986     
   485.00000000000000       0.21708432220389198     
   486.00000000000000       0.21696462184125098     
   487.00000000000000       0.21684526735555132     
   488.00000000000000       0.21672625706256665     
   489.00000000000000       0.21660758928986848     
   490.00000000000000       0.21648926237671928     
   491.00000000000000       0.21637127467396430     
   492.00000000000000       0.21625362454392519     
   493.00000000000000       0.21613631036029568     
   494.00000000000000       0.21601933050803754     
   495.00000000000000       0.21590268338327792     
   496.00000000000000       0.21578636739320808     
   497.00000000000000       0.21567038095598351     
   498.00000000000000       0.21555472250062388     
   499.00000000000000       0.21543939046691621     
   500.00000000000000       0.21532438330531695     
   501.00000000000000       0.21520969947685642     
   502.00000000000000       0.21509533745304463     
   503.00000000000000       0.21498129571577679     
   504.00000000000000       0.21486757275724094     
   505.00000000000000       0.21475416707982645     
   506.00000000000000       0.21464107719603309     
   507.00000000000000       0.21452830162838188     
   508.00000000000000       0.21441583890932564     
   509.00000000000000       0.21430368758116222     
   510.00000000000000       0.21419184619594731     
   511.00000000000000       0.21408031331540878     
   512.00000000000000       0.21396908751086141     
   513.00000000000000       0.21385816736312399     
   514.00000000000000       0.21374755146243535     
   515.00000000000000       0.21363723840837281     
   516.00000000000000       0.21352722680977082     
   517.00000000000000       0.21341751528464042     
   518.00000000000000       0.21330810246009016     
   519.00000000000000       0.21319898697224735     
   520.00000000000000       0.21309016746618031     
   521.00000000000000       0.21298164259582106     
   522.00000000000000       0.21287341102388987     
   523.00000000000000       0.21276547142181954     
   524.00000000000000       0.21265782246968093     
   525.00000000000000       0.21255046285610943     
   526.00000000000000       0.21244339127823167     
   527.00000000000000       0.21233660644159369     
   528.00000000000000       0.21223010706008952     
   529.00000000000000       0.21212389185589076     
   530.00000000000000       0.21201795955937580     
   531.00000000000000       0.21191230890906157     
   532.00000000000000       0.21180693865153472     
   533.00000000000000       0.21170184754138394     
   534.00000000000000       0.21159703434113289     
   535.00000000000000       0.21149249782117382     
   536.00000000000000       0.21138823675970250     
   537.00000000000000       0.21128424994265194     
   538.00000000000000       0.21118053616362961     
   539.00000000000000       0.21107709422385285     
   540.00000000000000       0.21097392293208625     
   541.00000000000000       0.21087102110457909     
   542.00000000000000       0.21076838756500416     
   543.00000000000000       0.21066602114439600     
   544.00000000000000       0.21056392068109125     
   545.00000000000000       0.21046208502066788     
   546.00000000000000       0.21036051301588704     
   547.00000000000000       0.21025920352663355     
   548.00000000000000       0.21015815541985836     
   549.00000000000000       0.21005736756952129     
   550.00000000000000       0.20995683885653335     
   551.00000000000000       0.20985656816870160     
   552.00000000000000       0.20975655440067237     
   553.00000000000000       0.20965679645387736     
   554.00000000000000       0.20955729323647737     
   555.00000000000000       0.20945804366330964     
   556.00000000000000       0.20935904665583382     
   557.00000000000000       0.20926030114207908     
   558.00000000000000       0.20916180605659129     
   559.00000000000000       0.20906356034038195     
   560.00000000000000       0.20896556294087534     
   561.00000000000000       0.20886781281185945     
   562.00000000000000       0.20877030891343371     
   563.00000000000000       0.20867305021196048     
   564.00000000000000       0.20857603568001470     
   565.00000000000000       0.20847926429633562     
   566.00000000000000       0.20838273504577820     
   567.00000000000000       0.20828644691926429     
   568.00000000000000       0.20819039891373622     
   569.00000000000000       0.20809459003210909     
   570.00000000000000       0.20799901928322481     
   571.00000000000000       0.20790368568180476     
   572.00000000000000       0.20780858824840540     
   573.00000000000000       0.20771372600937182     
   574.00000000000000       0.20761909799679407     
   575.00000000000000       0.20752470324846167     
   576.00000000000000       0.20743054080782067     
   577.00000000000000       0.20733660972392903     
   578.00000000000000       0.20724290905141429     
   579.00000000000000       0.20714943785043016     
   580.00000000000000       0.20705619518661525     
   581.00000000000000       0.20696318013105014     
   582.00000000000000       0.20687039176021599     
   583.00000000000000       0.20677782915595391     
   584.00000000000000       0.20668549140542397     
   585.00000000000000       0.20659337760106458     
   586.00000000000000       0.20650148684055283     
   587.00000000000000       0.20640981822676477     
   588.00000000000000       0.20631837086773624     
   589.00000000000000       0.20622714387662405     
   590.00000000000000       0.20613613637166744     
   591.00000000000000       0.20604534747614953     
   592.00000000000000       0.20595477631836012     
   593.00000000000000       0.20586442203155830     
   594.00000000000000       0.20577428375393467     
   595.00000000000000       0.20568436062857534     
   596.00000000000000       0.20559465180342501     
   597.00000000000000       0.20550515643125114     
   598.00000000000000       0.20541587366960826     
   599.00000000000000       0.20532680268080247     
   600.00000000000000       0.20523794263185610     
   601.00000000000000       0.20514929269447357     
   602.00000000000000       0.20506085204500649     
   603.00000000000000       0.20497261986441920     
   604.00000000000000       0.20488459533825581     
   605.00000000000000       0.20479677765660642     
   606.00000000000000       0.20470916601407321     
   607.00000000000000       0.20462175960973833     
   608.00000000000000       0.20453455764713102     
   609.00000000000000       0.20444755933419531     
   610.00000000000000       0.20436076388325769     
   611.00000000000000       0.20427417051099625     
   612.00000000000000       0.20418777843840802     
   613.00000000000000       0.20410158689077892     
   614.00000000000000       0.20401559509765191     
   615.00000000000000       0.20392980229279722     
   616.00000000000000       0.20384420771418116     
   617.00000000000000       0.20375881060393727     
   618.00000000000000       0.20367361020833480     
   619.00000000000000       0.20358860577775104     
   620.00000000000000       0.20350379656664042     
   621.00000000000000       0.20341918183350663     
   622.00000000000000       0.20333476084087326     
   623.00000000000000       0.20325053285525516     
   624.00000000000000       0.20316649714713095     
   625.00000000000000       0.20308265299091449     
   626.00000000000000       0.20299899966492677     
   627.00000000000000       0.20291553645136895     
   628.00000000000000       0.20283226263629511     
   629.00000000000000       0.20274917750958471     
   630.00000000000000       0.20266628036491582     
   631.00000000000000       0.20258357049973941     
   632.00000000000000       0.20250104721525203     
   633.00000000000000       0.20241870981636981     
   634.00000000000000       0.20233655761170324     
   635.00000000000000       0.20225458991353068     
   636.00000000000000       0.20217280603777352     
   637.00000000000000       0.20209120530397032     
   638.00000000000000       0.20200978703525271     
   639.00000000000000       0.20192855055831974     
   640.00000000000000       0.20184749520341350     
   641.00000000000000       0.20176662030429524     
   642.00000000000000       0.20168592519822032     
   643.00000000000000       0.20160540922591524     
   644.00000000000000       0.20152507173155296     
   645.00000000000000       0.20144491206273010     
   646.00000000000000       0.20136492957044305     
   647.00000000000000       0.20128512360906495     
   648.00000000000000       0.20120549353632303     
   649.00000000000000       0.20112603871327517     
   650.00000000000000       0.20104675850428810     
   651.00000000000000       0.20096765227701449     
   652.00000000000000       0.20088871940237107     
   653.00000000000000       0.20080995925451595     
   654.00000000000000       0.20073137121082787     
   655.00000000000000       0.20065295465188351     
   656.00000000000000       0.20057470896143659     
   657.00000000000000       0.20049663352639646     
   658.00000000000000       0.20041872773680719     
   659.00000000000000       0.20034099098582592     
   660.00000000000000       0.20026342266970310     
   661.00000000000000       0.20018602218776071     
   662.00000000000000       0.20010878894237338     
   663.00000000000000       0.20003172233894650     
   664.00000000000000       0.19995482178589724     
   665.00000000000000       0.19987808669463406     
   666.00000000000000       0.19980151647953726     
   667.00000000000000       0.19972511055793940     
   668.00000000000000       0.19964886835010545     
   669.00000000000000       0.19957278927921368     
   670.00000000000000       0.19949687277133726     
   671.00000000000000       0.19942111825542388     
   672.00000000000000       0.19934552516327822     
   673.00000000000000       0.19927009292954270     
   674.00000000000000       0.19919482099167887     
   675.00000000000000       0.19911970878994942     
   676.00000000000000       0.19904475576739944     
   677.00000000000000       0.19896996136983908     
   678.00000000000000       0.19889532504582516     
   679.00000000000000       0.19882084624664326     
   680.00000000000000       0.19874652442629018     
   681.00000000000000       0.19867235904145689     
   682.00000000000000       0.19859834955151048     
   683.00000000000000       0.19852449541847761     
   684.00000000000000       0.19845079610702693     
   685.00000000000000       0.19837725108445231     
   686.00000000000000       0.19830385982065604     
   687.00000000000000       0.19823062178813200     
   688.00000000000000       0.19815753646194961     
   689.00000000000000       0.19808460331973674     
   690.00000000000000       0.19801182184166385     
   691.00000000000000       0.19793919151042755     
   692.00000000000000       0.19786671181123519     
   693.00000000000000       0.19779438223178814     
   694.00000000000000       0.19772220226226644     
   695.00000000000000       0.19765017139531318     
   696.00000000000000       0.19757828912601882     
   697.00000000000000       0.19750655495190594     
   698.00000000000000       0.19743496837291355     
   699.00000000000000       0.19736352889138251     
   700.00000000000000       0.19729223601204013     
   701.00000000000000       0.19722108924198506     
   702.00000000000000       0.19715008809067305     
   703.00000000000000       0.19707923206990130     
   704.00000000000000       0.19700852069379510     
   705.00000000000000       0.19693795347879245     
   706.00000000000000       0.19686752994362960     
   707.00000000000000       0.19679724960932751     
   708.00000000000000       0.19672711199917728     
   709.00000000000000       0.19665711663872582     
   710.00000000000000       0.19658726305576257     
   711.00000000000000       0.19651755078030528     
   712.00000000000000       0.19644797934458591     
   713.00000000000000       0.19637854828303813     
   714.00000000000000       0.19630925713228298     
   715.00000000000000       0.19624010543111492     
   716.00000000000000       0.19617109272048988     
   717.00000000000000       0.19610221854351118     
   718.00000000000000       0.19603348244541660     
   719.00000000000000       0.19596488397356532     
   720.00000000000000       0.19589642267742513     
   721.00000000000000       0.19582809810855947     
   722.00000000000000       0.19575990982061500     
   723.00000000000000       0.19569185736930858     
   724.00000000000000       0.19562394031241476     
   725.00000000000000       0.19555615820975411     
   726.00000000000000       0.19548851062317943     
   727.00000000000000       0.19542099711656508     
   728.00000000000000       0.19535361725579389     
   729.00000000000000       0.19528637060874504     
   730.00000000000000       0.19521925674528265     
   731.00000000000000       0.19515227523724349     
   732.00000000000000       0.19508542565842499     
   733.00000000000000       0.19501870758457446     
   734.00000000000000       0.19495212059337588     
   735.00000000000000       0.19488566426444012     
   736.00000000000000       0.19481933817929231     
   737.00000000000000       0.19475314192136065     
   738.00000000000000       0.19468707507596539     
   739.00000000000000       0.19462113723030802     
   740.00000000000000       0.19455532797345867     
   741.00000000000000       0.19448964689634660     
   742.00000000000000       0.19442409359174875     
   743.00000000000000       0.19435866765427839     
   744.00000000000000       0.19429336868037514     
   745.00000000000000       0.19422819626829346     
   746.00000000000000       0.19416315001809253     
   747.00000000000000       0.19409822953162550     
   748.00000000000000       0.19403343441252890     
   749.00000000000000       0.19396876426621237     
   750.00000000000000       0.19390421869984845     
   751.00000000000000       0.19383979732236176     
   752.00000000000000       0.19377549974441952     
   753.00000000000000       0.19371132557842077     
   754.00000000000000       0.19364727443848712     
   755.00000000000000       0.19358334594045176     
   756.00000000000000       0.19351953970185035     
   757.00000000000000       0.19345585534191109     
   758.00000000000000       0.19339229248154460     
   759.00000000000000       0.19332885074333434     
   760.00000000000000       0.19326552975152733     
   761.00000000000000       0.19320232913202398     
   762.00000000000000       0.19313924851236938     
   763.00000000000000       0.19307628752174325     
   764.00000000000000       0.19301344579095048     
   765.00000000000000       0.19295072295241292     
   766.00000000000000       0.19288811864015856     
   767.00000000000000       0.19282563248981388     
   768.00000000000000       0.19276326413859354     
   769.00000000000000       0.19270101322529215     
   770.00000000000000       0.19263887939027524     
   771.00000000000000       0.19257686227546980     
   772.00000000000000       0.19251496152435607     
   773.00000000000000       0.19245317678195831     
   774.00000000000000       0.19239150769483643     
   775.00000000000000       0.19232995391107702     
   776.00000000000000       0.19226851508028497     
   777.00000000000000       0.19220719085357507     
   778.00000000000000       0.19214598088356297     
   779.00000000000000       0.19208488482435751     
   780.00000000000000       0.19202390233155156     
   781.00000000000000       0.19196303306221454     
   782.00000000000000       0.19190227667488352     
   783.00000000000000       0.19184163282955558     
   784.00000000000000       0.19178110118767866     
   785.00000000000000       0.19172068141214524     
   786.00000000000000       0.19166037316728241     
   787.00000000000000       0.19160017611884547     
   788.00000000000000       0.19154008993400862     
   789.00000000000000       0.19148011428135853     
   790.00000000000000       0.19142024883088538     
   791.00000000000000       0.19136049325397550     
   792.00000000000000       0.19130084722340426     
   793.00000000000000       0.19124131041332723     
   794.00000000000000       0.19118188249927376     
   795.00000000000000       0.19112256315813861     
   796.00000000000000       0.19106335206817504     
   797.00000000000000       0.19100424890898685     
   798.00000000000000       0.19094525336152166     
   799.00000000000000       0.19088636510806276     
